1710164647.0719993
1710164650.6123717
1710164564.3458161
1710164568.9620378
1710164089.647323
1710164093.6190119
1710164048.6731036
1710164056.79521
1710164201.6431212
1710164215.394114
1710165300.0040963
1710165306.113872
1710164228.4525464
1710164233.4126492
1710164653.5697794
1710164657.666105
1710164851.3549337
1710164855.9044266
1710163990.1741953
1710163995.499926
1710164980.6351705
1710164984.9889596
1710164897.8692746
1710164902.7616673
1710164136.240669
1710164138.3094435
1710164903.006843
1710164908.922682
1710164254.7145941
1710164264.8881986
1710163996.3711412
1710164001.0208218
1710164445.005102
1710164449.3744562
1710164674.4854238
1710164678.995379
1710165231.746151
1710165236.9968467
1710164133.2269218
1710164138.789867
1710164851.4795756
1710164858.8055215
1710164100.209238
1710164115.410169
1710164713.6254706
1710164718.3558316
1710164464.922312
1710164472.6410224
1710164411.7155097
1710164417.848212
1710165340.1035113
1710165353.927418
1710164029.1297908
1710164035.4937768
1710165330.38024
1710165336.0605972
1710164531.7159312
1710164538.9500556
1710164421.8324792
1710164432.3267798
1710164883.408469
1710164887.0903518
1710164839.5790513
1710164855.700893
1710164439.8910258
1710164444.2866118
1710164765.393724
1710164770.1498559
1710164037.2582443
1710164041.83955
1710164588.7473507
1710164596.4930172
1710165166.636283
1710165171.081171
1710165107.4714813
1710165112.6283243
1710163994.4774208
1710164003.306152
1710165097.1961358
1710165105.441206
1710164652.9005158
1710164657.6838899
1710164138.3092668
1710164142.44073
1710164049.8544335
1710164056.7109573
1710164290.3909478
1710164295.969158
1710165050.9326887
1710165058.7921462
1710164212.7797565
1710164215.5411577
1710164302.628901
1710164308.850472
1710165150.4521792
1710165156.146501
1710164222.0299911
1710164223.424629
1710164656.152496
1710164662.7048364
1710164676.121186
1710164684.5707657
1710164075.0647552
1710164079.1890857
1710164524.3542914
1710164528.192584
1710164077.4931366
1710164082.4620476
1710165368.3552864
1710165373.500759
1710164288.256167
1710164292.8156116
1710165181.9677954
1710165186.4268458
1710165345.3803468
1710165350.3296833
1710164915.9809802
1710164920.4311147
1710165124.2758372
1710165135.1091197
1710164855.9042552
1710164862.4024026
1710164176.6448636
1710164182.5831144
1710164147.045891
1710164153.6407807
1710164320.261523
1710164327.209877
1710164973.7850294
1710164977.2407255
1710164811.5918498
1710164817.5415547
1710164751.815365
1710164758.3539593
1710163973.7018685
1710163980.9288437
1710164056.7106576
1710164061.681758
1710165261.7021532
1710165267.7014394
1710164810.288389
1710164815.3472824
1710164008.684164
1710164012.936148
1710164013.6988466
1710164021.4764104
1710164926.0552676
1710164932.0526073
1710164416.653279
1710164421.8326712
1710164887.0901005
1710164892.93009
1710164954.5012457
1710164959.6058216
1710164557.4015572
1710164562.9930086
1710164705.142663
1710164711.0951133
1710164078.0955234
1710164084.4051657
1710164090.6921182
1710164099.306327
1710164824.5027122
1710164828.2202618
1710164496.5455396
1710164503.077756
1710164373.2028937
1710164380.0650234
1710165226.3541434
1710165236.6606686
1710164910.781865
1710164916.593475
1710164081.9502068
1710164090.6922953
1710165354.9300265
1710165360.1310773
1710164758.4853528
1710164765.3939238
1710164392.6048324
1710164400.0235462
1710164216.4724264
1710164222.0301683
1710164160.392543
1710164168.6695998
1710164769.6403277
1710164773.0332606
1710165267.7012463
1710165271.8557606
1710164483.875394
1710164486.909322
1710164099.3061333
1710164104.1673207
1710164775.2228823
1710164782.8691502
1710165041.1162603
1710165045.3244076
1710164460.5940237
1710164471.260395
1710164104.1671233
1710164115.2287598
1710164553.70002
1710164557.4018676
1710164980.5059059
1710164984.6075861
1710164126.8045852
1710164130.835401
1710164275.4100723
1710164280.5482755
1710164382.0569205
1710164387.8894336
1710165251.4276364
1710165256.3574886
1710164788.9250925
1710164794.150918
1710164781.070428
1710164785.525711
1710165072.5062468
1710165075.9579883
1710164977.2405117
1710164984.3982646
1710164422.7856262
1710164428.0819266
1710164057.690261
1710164062.9541955
1710165381.3595958
1710165386.0150204
1710164793.276265
1710164797.0420501
1710164574.1701336
1710164579.8297367
1710165007.9802053
1710165012.3007333
1710164900.2389076
1710164907.3633456
1710164426.6108506
1710164438.230263
1710165284.5605586
1710165290.9538999
1710164345.0649683
1710164352.8106792
1710164263.288418
1710164269.1034281
1710164181.0828793
1710164189.7247202
1710164877.8991373
1710164885.2239137
1710164709.2413802
1710164713.6256652
1710165113.9931207
1710165118.7764719
1710164457.0879226
1710164460.594211
1710165294.678257
1710165299.6404085
1710163979.276024
1710163986.5505424
1710164206.3278203
1710164215.7510176
1710165150.1945078
1710165154.3619382
1710165376.0124655
1710165382.9026494
1710164198.0255158
1710164201.643314
1710164148.1133206
1710164156.1242661
1710165010.33285
1710165010.9300063
1710165209.004007
1710165209.273368
1710164282.2257705
1710164287.9688585
1710164768.2559378
1710164775.2230852
1710165309.4793468
1710165313.2064245
1710164488.7616546
1710164493.096214
1710165109.2277782
1710165113.993286
1710164788.69941
1710164793.2764661
1710164581.937533
1710164587.5261497
1710164061.6815524
1710164069.9859514
1710165230.497955
1710165236.2405062
1710164220.0475652
1710164225.6901288
1710165324.396874
1710165336.0088434
1710164115.6894958
1710164120.9356024
1710164775.74981
1710164779.9116213
1710164747.8541057
1710164751.8155613
1710165050.75246
1710165054.9013019
1710164657.665901
1710164661.4440198
1710165089.838052
1710165094.8047776
1710164773.0330572
1710164776.649831
1710165268.0852432
1710165272.0566876
1710165290.953708
1710165299.8618603
1710164012.9359124
1710164021.9217286
1710163980.928527
1710163986.758766
1710164380.0648453
1710164385.5594025
1710164779.911374
1710164785.2124608
1710164728.6576922
1710164739.0684233
1710164579.8295422
1710164583.4881477
1710165262.1160913
1710165265.3944635
1710164522.018747
1710164527.8687732
1710164608.1772804
1710164616.9782999
1710164739.551376
1710164747.8542778
1710164255.8678753
1710164259.6428468
1710164830.5712504
1710164834.035428
1710165313.2062254
1710165316.5782413
1710164583.4879735
1710164591.810875
1710163962.325378
1710163968.7773037
1710164458.0949028
1710164461.4582298
1710165065.99452
1710165069.2523234
1710164456.0852942
1710164459.2834272
1710164689.3884063
1710164692.6364057
1710164635.9659688
1710164639.8809104
1710165373.4830678
1710165376.6897688
1710165090.338114
1710165093.5918825
1710164889.5343435
1710164892.6955335
1710164647.3171873
1710164652.9007792
1710164568.961795
1710164580.9533484
1710164668.1671748
1710164668.8252382
1710164770.1496582
1710164781.0706453
1710165197.1367319
1710165205.5420616
1710164927.2527275
1710164933.8749645
1710164738.975478
1710164747.5668132
1710165023.2807655
1710165027.058025
1710164291.6084416
1710164296.8481033
1710165353.5305321
1710165359.3713722
1710165320.3418212
1710165325.9048824
1710164312.4052885
1710164333.1574998
1710165304.306044
1710165305.0334897
1710165237.8066063
1710165251.3187914
1710164791.2605247
1710164796.8452938
1710164945.7713137
1710164950.5647109
1710164459.2832158
1710164463.9486806
1710165171.723951
1710165175.6862836
1710164287.9686735
1710164288.2563605
1710165029.792694
1710165034.3696039
1710164238.7313552
1710164250.8397808
1710164110.3657377
1710164114.426781
1710164298.6290681
1710164305.8728642
1710165066.2842498
1710165072.5064387
1710165187.384966
1710165187.6563632
1710164194.41679
1710164205.518414
1710165226.9230733
1710165230.4981644
1710165010.6536748
1710165014.297267
1710164950.564508
1710164954.5014298
1710164932.0524182
1710164935.730129
1710165146.3759172
1710165150.4524043
1710164449.3742151
1710164453.3195956
1710164710.486077
1710164717.356352
1710164624.4615574
1710164630.0826423
1710165170.2630568
1710165171.6024833
1710164228.256466
1710164237.8676589
1710165191.3823712
1710165197.1369736
1710164618.2264268
1710164624.0517437
1710164389.8523617
1710164395.9154053
1710164434.7974296
1710164438.4608274
1710164352.8103688
1710164358.6344852
1710164412.2485409
1710164416.653456
1710165260.9708655
1710165274.538531
1710164166.1442971
1710164172.6522388
1710165111.4196565
1710165117.0673747
1710164338.7075677
1710164345.0651598
1710164450.4299607
1710164456.0854878
1710164790.7526474
1710164796.4470932
1710165090.9825525
1710165097.1963177
1710164976.2232416
1710164980.635366
1710165061.132976
1710165066.2844408
1710164253.402789
1710164263.2887416
1710164670.3651333
1710164674.4856133
1710165135.124337
1710165140.768911
1710164073.1870792
1710164077.493346
1710164333.157298
1710164337.5184908
1710165299.6401722
1710165304.078444
1710165281.2298675
1710165285.233569
1710165300.2457752
1710165304.3062356
1710164373.1116526
1710164377.614809
1710165078.7996597
1710165082.7189076
1710164238.4334133
1710164242.049633
1710164908.9224782
1710164914.5784745
1710164910.0865612
1710164916.0077658
1710164819.9837718
1710164824.5029504
1710165008.9125116
1710165019.729636
1710164319.0654702
1710164319.50187
1710164153.6405926
1710164157.1351442
1710164916.5932631
1710164923.1193109
1710164226.9149177
1710164230.444779
1710165318.2842438
1710165324.993337
1710164527.7699645
1710164532.6034586
1710164733.0710738
1710164738.530964
1710164521.2518327
1710164527.770153
1710165307.1392345
1710165310.688745
1710165074.273449
1710165078.7998805
1710164606.9240837
1710164611.8742378
1710164807.3653421
1710164811.5920393
1710165349.3944526
1710165354.9302237
1710164635.9860377
1710164641.1697433
1710164957.6406984
1710164962.7116575
1710164013.834705
1710164020.6960742
1710164212.926708
1710164216.4726229
1710164895.3463254
1710164900.2391071
1710165171.6022751
1710165177.6770988
1710165019.7294405
1710165023.280991
1710164499.4855309
1710164505.4887152
1710165111.2514777
1710165116.8766716
1710164550.5817325
1710164556.6024888
1710165181.6657016
1710165185.2650309
1710163962.325377
1710163968.1705105
1710165121.2883625
1710165127.0577092
1710164984.6073928
1710164989.9636393
1710165205.0543642
1710165209.0042117
1710164565.955689
1710164572.2139595
1710164641.1695366
1710164644.8445165
1710164892.6953173
1710164897.8694851
1710164567.5965583
1710164572.2696633
1710164144.2874649
1710164153.2453024
1710164803.6375642
1710164809.264245
1710164664.0510108
1710164668.1673849
1710164563.9441128
1710164569.481481
1710164872.0562332
1710164877.8993466
1710164438.4605575
1710164445.0053165
1710164747.4192693
1710164753.6531346
1710164429.4729228
1710164434.7976837
1710163995.499741
1710164001.730758
1710164758.3537822
1710164759.5143425
1710164327.209628
1710164332.4813557
1710163978.9821496
1710163984.0914426
1710164744.2687087
1710164749.001484
1710164153.2607026
1710164153.7314067
1710164828.220046
1710164831.9449675
1710164722.0177069
1710164722.4738708
1710164332.4811249
1710164338.2063162
1710165146.3878298
1710165150.194714
1710164999.5083656
1710165000.0053148
1710165285.2333806
1710165291.0976305
1710164542.2050788
1710164546.2910852
1710164600.924911
1710164606.924278
1710165075.7273247
1710165077.6021643
1710165373.500568
1710165379.8132966
1710165256.3572934
1710165262.1162817
1710164284.8522243
1710164291.6086595
1710164001.020487
1710164004.6404672
1710165359.371164
1710165364.8620436
1710165038.4491022
1710165043.662508
1710165112.628128
1710165113.2678037
1710164492.7245007
1710164492.9970472
1710164301.8818276
1710164308.9193366
1710164441.4078197
1710164446.030646
1710165003.2592373
1710165010.6538606
1710164296.8478944
1710164301.8820822
1710164919.1385393
1710164924.3621433
1710165217.4804592
1710165221.980189
1710164120.9354134
1710164126.8048332
1710164162.3866358
1710164166.144483
1710164907.3631654
1710164912.1368904
1710164024.9874125
1710164029.4790556
1710164519.7281973
1710164524.3544855
1710165236.66048
1710165241.9913542
1710164845.7744527
1710164851.4798272
1710165209.2731786
1710165215.8038714
1710164416.508285
1710164422.7858417
1710164648.0079715
1710164653.5699642
1710164618.5861785
1710164629.5988383
1710164008.0084941
1710164013.6990476
1710164723.9539018
1710164729.083426
1710164384.8937826
1710164392.6050267
1710165050.7515342
1710165055.4972434
1710164311.5778537
1710164320.2617178
1710163968.7770982
1710163975.3898737
1710165146.8449068
1710165150.1273053
1710163969.0490398
1710163973.7022603
1710164325.5654328
1710164332.7349591
1710164962.3353145
1710164968.0073307
1710164705.7906053
1710164710.4862876
1710164630.5072348
1710164638.3204167
1710165316.5780475
1710165320.3420217
1710164673.0147533
1710164677.720891
1710164580.9531372
1710164584.8245165
1710164173.6656709
1710164182.7890015
1710164415.999909
1710164421.3863256
1710164264.8880062
1710164270.2440643
1710164862.4022272
1710164868.8922365
1710164376.3702846
1710164380.7335434
1710164356.4023798
1710164363.2237234
1710164125.1698434
1710164133.2271307
1710164504.1769657
1710164514.0578072
1710164729.0832262
1710164733.071379
1710165217.2588627
1710165222.4565926
1710165310.6885493
1710165316.2569625
1710165070.1902735
1710165075.7275524
1710164200.056884
1710164206.3279765
1710164334.7861886
1710164338.707769
1710164488.8898706
1710164499.4857955
1710164712.238178
1710164713.053982
1710164533.1004546
1710164540.4150555
1710165012.300519
1710165018.2666597
1710164297.1123288
1710164298.6293466
1710164168.669396
1710164176.3604236
1710165118.7762864
1710165126.6868548
1710165313.477314
1710165318.2844262
1710164696.141853
1710164700.0762603
1710165251.57177
1710165254.7163346
1710165191.9215841
1710165197.182202
1710164834.0352223
1710164841.363327
1710164215.5409584
1710164222.1634996
1710165289.8824418
1710165300.2459493
1710165248.0174134
1710165251.427834
1710164912.1366603
1710164915.54874
1710165185.2648716
1710165194.007641
1710164914.5782874
1710164919.1387508
1710164607.0373383
1710164609.0206199
1710165363.7442853
1710165369.6224537
1710165254.716124
1710165260.9710515
1710165043.662265
1710165050.9329069
1710164991.5532594
1710164995.4282146
1710164829.8953023
1710164836.3522973
1710164069.9857779
1710164075.0809457
1710164989.963407
1710164995.5855193
1710164684.570584
1710164689.1742866
1710164465.8974385
1710164473.282682
1710164527.8685546
1710164531.1608062
1710164680.523086
1710164684.2997763
1710164224.1759424
1710164228.4527705
1710164250.568703
1710164255.8680503
1710164644.8443348
1710164648.967401
1710164569.4812875
1710164574.1703181
1710163992.2336612
1710163996.3713229
1710164638.3202095
1710164642.2972934
1710164115.409989
1710164119.0135806
1710164805.5999603
1710164809.2993686
1710164995.4279847
1710164999.4550269
1710165167.5751586
1710165171.7241418
1710164147.1689122
1710164153.2609098
1710164716.2768621
1710164722.0179718
1710164677.72067
1710164682.9500728
1710164230.2988844
1710164234.48644
1710164678.9951673
1710164683.3907893
1710165387.7628415
1710165391.3281074
1710164776.6496558
1710164783.3797996
1710164951.1228116
1710164957.640922
1710165386.0148473
1710165389.0091505
1710164689.1740806
1710164694.4244509
1710164801.512311
1710164805.6001666
1710164153.7312126
1710164158.2523813
1710165093.59164
1710165097.038327
1710164483.9739983
1710164488.8900728
1710165355.8931205
1710165363.7444742
1710164444.2864351
1710164450.430166
1710165360.1308668
1710165366.0271308
1710164344.5375664
1710164350.196071
1710165158.5154414
1710165163.9374144
1710164949.973916
1710164954.4023383
1710164694.4242623
1710164701.6861115
1710164713.053795
1710164718.5591598
1710164782.8689733
1710164788.9252696
1710164666.8903823
1710164676.1213784
1710165324.9931362
1710165330.380448
1710164642.2970476
1710164648.0081651
1710164868.8920538
1710164876.3965602
1710164222.1633072
1710164226.915132
1710164954.4021356
1710164962.335512
1710164273.9042864
1710164280.287805
1710164512.6810517
1710164522.0189707
1710164406.5057683
1710164412.2487595
1710165364.8618188
1710165373.7472959
1710164860.8546734
1710164869.1699793
1710165324.55799
1710165332.326102
1710164624.0515532
1710164630.9950104
1710164662.7045887
1710164671.8357003
1710164984.3979807
1710164997.768047
1710165171.080975
1710165179.605059
1710164831.9447417
1710164840.9101288
1710164557.685189
1710164563.9443104
1710165161.2420402
1710165167.575367
1710165179.6048896
1710165187.3851528
1710164403.7398293
1710164409.5119305
1710164318.9765143
1710164329.4839935
1710164153.2450435
1710164161.4511216
1710164514.05761
1710164521.2520282
1710164205.518241
1710164210.830031
1710164263.3780706
1710164269.5542526
1710164417.847994
1710164425.5751908
1710164119.0132883
1710164124.2699137
1710164648.967215
1710164656.1526933
1710164101.4875703
1710164106.6535733
1710164725.2307284
1710164739.551622
1710165064.8876991
1710165070.1904588
1710165032.511307
1710165038.2168715
1710164824.9392743
1710164830.571449
1710164873.8669164
1710164879.1524749
1710164269.1032274
1710164275.4102635
1710164933.874715
1710164944.4657004
1710164308.919138
1710164318.9768505
1710164887.3004646
1710164890.3880508
1710164459.429826
1710164461.1061673
1710165082.7458115
1710165090.3382807
1710164752.4716914
1710164752.9188719
1710164237.8674228
1710164240.4812434
1710165018.266446
1710165024.0018773
1710165219.2969143
1710165223.112686
1710165038.2166724
1710165040.9051666
1710164477.5030317
1710164483.7744288
1710164738.5307636
1710164738.9756825
1710164244.256508
1710164250.5690405
1710164396.2661822
1710164403.3059337
1710164875.387468
1710164879.8661618
1710164920.4309134
1710164940.29591
1710163991.1824853
1710163996.2503633
1710165058.7919605
1710165064.887924
1710164428.9966958
1710164429.4731476
1710164538.2212021
1710164542.2052681
1710164835.5624626
1710164839.5792425
1710164797.0418477
1710164800.8890035
1710164069.6814427
1710164078.0957167
1710164718.355644
1710164723.7289243
1710165164.2220645
1710165170.263227
1710164193.6993835
1710164198.0258014
1710164881.8312407
1710164887.300642
1710165336.0797582
1710165342.5122924
1710164683.3905926
1710164683.6573153
1710165044.6775281
1710165050.7518194
1710165278.1734495
1710165284.2294962
1710164503.0775661
1710164527.5150056
1710164801.3269403
1710164803.6378107
1710164338.476283
1710164344.5377624
1710164601.97382
1710164608.1774783
1710164187.3461754
1710164194.4170318
1710165094.8045506
1710165106.7199862
1710164021.921548
1710164030.6963663
1710165336.1323779
1710165349.3946724
1710164844.8910666
1710164850.2407231
1710164403.4616125
1710164406.1137419
1710164215.7508464
1710164220.047799
1710164876.3963504
1710164881.8314557
1710165006.0596902
1710165010.3330429