1710164584.82429
1710164588.7475471
1710165127.0574656
1710165131.6178093
1710164098.5001667
1710164102.1078327
1710164020.6958694
1710164029.1300292
1710164176.3602142
1710164187.3464139
1710165366.026924
1710165371.3028045
1710164067.555176
1710164073.1872683
1710164696.3613508
1710164707.7447147
1710164507.913139
1710164512.681271
1710164556.602189
1710164564.3460217
1710165140.66758
1710165146.8451538
1710164683.657116
1710164689.6583722
1710164120.2766385
1710164125.1700227
1710165186.4266632
1710165191.9217832
1710165177.6768987
1710165181.967977
1710164280.5480678
1710164287.9259791
1710164299.5901058
1710164304.7624767
1710164701.6859176
1710164705.7908094
1710164785.2122343
1710164791.2607138
1710164142.4405231
1710164147.1691117
1710165118.928767
1710165124.2760327
1710165146.5747707
1710165152.014969
1710164041.6982615
1710164048.6734772
1710165055.4970338
1710165065.6960716
1710165306.1136758
1710165317.66847
1710164614.701107
1710164624.4617612
1710164629.598616
1710164635.9862158
1710164541.2827055
1710164546.6649146
1710164158.2521884
1710164164.5031273
1710164086.8251536
1710164094.7462204
1710165048.6303267
1710165052.3259733
1710165272.0564778
1710165277.5474367
1710164138.7896733
1710164143.4792664
1710165106.7197978
1710165111.2516973
1710164082.4618495
1710164086.825343
1710164540.414816
1710164548.1634088
1710163967.6313264
1710163970.5758862
1710165163.9371636
1710165170.398358
1710164084.404984
1710164093.548465
1710165350.329477
1710165355.8933084
1710165093.780045
1710165099.5906389
1710164347.866472
1710164352.8121295
1710164441.5360038
1710164453.5337195
1710165019.6078522
1710165026.8053498
1710165353.927231
1710165363.1154742
1710165143.696237
1710165146.3880093
1710165309.511074
1710165313.477514
1710165236.6764467
1710165242.2318552
1710164127.517333
1710164130.5827568
1710164287.925714
1710164294.9317236
1710164358.6341364
1710164364.594587
1710164968.8572192
1710164973.7852106
1710165332.3259304
1710165336.1325586
1710164971.4218729
1710164974.466776
1710164363.223545
1710164368.8547943
1710165036.6393704
1710165041.1164422
1710165304.078217
1710165309.5112536
1710164980.2449305
1710164985.12225
1710164739.0682437
1710164744.2689643
1710165184.5016012
1710165191.3825712
1710165292.0806403
1710165300.0042877
1710165075.95782
1710165086.7320256
1710164472.6408741
1710164477.5032148
1710165052.32575
1710165056.4354956
1710165208.397147
1710165212.3887806
1710164545.471992
1710164557.6853857
1710165231.2752204
1710165237.8068266
1710164313.8559134
1710164319.0656605
1710165382.9868817
1710165389.590192
1710164879.1522918
1710164884.4183798
1710165082.7187047
1710165089.838295
1710164223.424395
1710164228.2566726
1710165140.0398722
1710165146.5749414
1710164974.466577
1710164980.5060985
1710164711.0949206
1710164716.277037
1710164308.8502054
1710164313.8560903
1710164003.3059738
1710164008.684348
1710164591.8106825
1710164597.2737055
1710165104.101165
1710165109.2279787
1710164451.4508934
1710164457.088129
1710164050.8074245
1710164063.4372935
1710164965.2460651
1710164970.4021933
1710165225.542279
1710165231.7463424
1710164944.4654553
1710164953.6578078
1710164940.2956994
1710164951.1229818
1710164114.4265528
1710164120.276859
1710164698.9096859
1710164705.1429508
1710164759.5141468
1710164768.256129
1710164723.7286978
1710164729.9306786
1710165316.256707
1710165324.5581841
1710165117.0671642
1710165122.6827917
1710164953.6575956
1710164961.965523
1710164787.670482
1710164790.7529185
1710163987.6132615
1710163991.1826904
1710164480.540369
1710164483.9741921
1710165317.6683013
1710165324.3971245
1710164143.479036
1710164148.113498
1710164368.8546028
1710164373.111857
1710164603.764306
1710164614.701285
1710164392.5111187
1710164403.7400277
1710164071.2396255
1710164075.0650306
1710164161.4509304
1710164165.6581116
1710165223.112407
1710165226.9232545
1710165369.6222715
1710165373.4832523
1710164188.6966012
1710164193.6995947
1710165212.3884556
1710165217.4806843
1710165376.6895652
1710165381.3598166
1710165222.456407
1710165226.9181337
1710164537.1129324
1710164541.282888
1710164809.2991836
1710164815.1294203
1710164923.1189876
1710164927.252985
1710164613.0347323
1710164618.5863588
1710164292.81543
1710164297.1125414
1710164752.9186878
1710164757.9316947
1710165175.6860852
1710165181.665897
1710165154.3617597
1710165160.7381995
1710165342.5121121
1710165353.530724
1710164051.1724403
1710164057.6905427
1710164065.0771294
1710164071.239857
1710164935.7299442
1710164945.7715058
1710164350.5113783
1710164355.1846812
1710164865.952546
1710164872.0564654
1710165045.3242311
1710165050.7527268
1710165174.8750136
1710165179.0620968
1710164846.850239
1710164851.3551495
1710164818.5757024
1710164822.1063852
1710164707.7445142
1710164712.238355
1710165221.6458104
1710165225.542469
1710164770.302446
1710164775.750025
1710164259.6425705
1710164263.3782334
1710164836.3521137
1710164843.2801788
1710164479.739468
1710164483.8755815
1710165282.4116192
1710165292.0808334
1710165026.8051636
1710165027.2541993
1710164850.2405095
1710164850.5320857
1710164337.5182517
1710164345.5356524
1710164858.8052833
1710164863.9608922
1710165194.007456
1710165198.7905772
1710164240.4810498
1710164245.2801433
1710164976.4611146
1710164980.2451377
1710165021.3584523
1710165025.9005346
1710164182.788831
1710164188.6968193
1710164428.0817063
1710164436.273156
1710164342.1111603
1710164347.8667378
1710164689.6581955
1710164696.1420295
1710164931.8990986
1710164949.97417
1710164783.37961
1710164787.6706963
1710165215.3503387
1710165219.2970908
1710164062.9540064
1710164067.55543
1710165215.8036904
1710165221.6460063
1710164630.9948175
1710164635.9661589
1710164380.7333453
1710164389.8374383
1710165097.0381222
1710165102.3647583
1710164461.105969
1710164465.8976188
1710165270.4170806
1710165277.7805595
1710164900.3702812
1710164910.782094
1710164409.5117328
1710164416.0001187
1710164572.2137299
1710164577.9507647
1710165131.6175997
1710165137.6567616
1710164230.4445794
1710164239.9591913
1710164902.76137
1710164906.5100243
1710164961.9652884
1710164965.4462337
1710164376.1021595
1710164382.0571082
1710165075.788459
1710165082.746012
1710164826.6232643
1710164829.7967615
1710164189.7245114
1710164200.0570524
1710164821.7928207
1710164824.9394736
1710164400.02334
1710164403.461817
1710164432.3265631
1710164439.8912222
1710164965.3969185
1710164971.4220774
1710163975.3895779
1710163978.9824612
1710164826.4861178
1710164829.8954945
1710164785.5255306
1710164788.6995914
1710165000.0051103
1710165003.259449
1710164247.6552138
1710164252.9489865
1710164438.2300372
1710164441.4079993
1710164038.4595861
1710164041.698466
1710165057.9417887
1710165061.1331675
1710165210.2266908
1710165215.3505487
1710164558.835535
1710164565.9558904
1710164368.652975
1710164369.1890204
1710164635.7060957
1710164647.31735
1710164471.260131
1710164479.7397847
1710165105.440963
1710165111.419855
1710165305.0332646
1710165309.479605
1710164609.0203679
1710164613.034933
1710164319.5016742
1710164325.5656853
1710164629.6926105
1710164635.7063475
1710164102.107598
1710164108.6715648
1710165160.738016
1710165166.6365347
1710164384.6233807
1710164384.8939795
1710165028.049191
1710165036.6395643
1710164855.201242
1710164860.854874
1710164355.1844654
1710164362.8592916
1710165140.7686732
1710165146.3761814
1710164021.4762084
1710164031.76321
1710164915.5485246
1710164915.9811702
1710164890.3774338
1710164898.0501018
1710165137.6565442
1710165143.696506
1710165193.3442347
1710165198.6257374
1710164476.0490685
1710164482.3422499
1710164225.6898947
1710164230.2992017
1710164130.7396097
1710164136.2408772
1710164757.931466
1710164769.6405246
1710164295.9689498
1710164299.590281
1710164352.8119588
1710164356.402583
1710164037.1925576
1710164041.6812928
1710164689.6521165
1710164693.3242702
1710165065.6958778
1710165069.8162553
1710163981.5294282
1710163985.680257
1710165014.92512
1710165021.358678
1710164493.0960321
1710164499.5364523
1710164108.6713457
1710164115.6897104
1710164735.4047265
1710164747.4194484
1710165179.0619156
1710165184.5017905
1710164436.2729619
1710164441.53622
1710164362.858955
1710164373.2030787
1710164499.5362647
1710164504.1771543
1710164045.469245
1710164051.1726112
1710164814.6926887
1710164819.983993
1710164999.4548283
1710165008.9127321
1710165113.2676063
1710165118.9289825
1710164389.8372293
1710164396.2663949
1710164829.7965403
1710164835.5626643
1710165025.90034
1710165032.5115445
1710164013.0476637
1710164018.7061312
1710165221.979977
1710165226.3543453
1710164041.839377
1710164046.4259267
1710165086.7317853
1710165090.9827595
1710164664.973428
1710164670.3653438
1710164546.664678
1710164550.5819266
1710164274.6050334
1710164284.852429
1710165170.3981762
1710165174.8752084
1710164455.0913837
1710164459.4300075
1710164822.106189
1710164826.4863305
1710164563.5218713
1710164567.5967557
1710165226.9179308
1710165231.275416
1710164044.8527627
1710164049.854625
1710164587.525923
1710164594.3232973
1710164843.2799802
1710164846.8504245
1710164885.223737
1710164890.3776162
1710165284.229206
1710165289.8827233
1710165236.9966116
1710165246.78472
1710164800.1594062
1710164807.3655133
1710164630.082432
1710164630.507432
1710164841.3631513
1710164844.8912537
1710163985.680028
1710163990.1744347
1710164879.8659437
1710164883.4087143
1710164490.780291
1710164496.6066983
1710164496.6065037
1710164502.413514
1710164718.5589645
1710164725.2309058
1710165331.9961114
1710165336.0799723
1710164492.9968688
1710164496.545762
1710165277.5472565
1710165282.4118402
1710165251.318596
1710165255.1393895
1710164995.5853245
1710164999.508554
1710164329.4838145
1710164337.622887
1710164869.1697905
1710164873.8671207
1710164817.54136
1710164821.7930558
1710164616.9779882
1710164623.09134
1710165152.0147214
1710165155.5690203
1710164033.11634
1710164037.192781
1710164446.0303829
1710164451.4510648
1710164269.5540664
1710164273.1086729
1710164270.243863
1710164274.6052349
1710164204.9570878
1710164212.7799273
1710164527.5148015
1710164531.716116
1710164041.6810758
1710164045.469416
1710164970.4020154
1710164976.223423
1710164403.9510472
1710164408.9359033
1710165156.1462748
1710165161.2422593
1710164623.0910797
1710164629.692829
1710165060.3966641
1710165065.994746
1710164201.359454
1710164204.9572973
1710164453.3193622
1710164458.095094
1710164692.6362064
1710164696.3615344
1710165010.929812
1710165014.9253159
1710165373.747088
1710165382.987036
1710165274.53825
1710165278.173671
1710165205.3327823
1710165210.2268717
1710164187.538656
1710164193.8314068
1710165014.2970388
1710165019.6080573
1710165082.1610913
1710165088.2706974
1710164972.9265304
1710164976.4612975
1710164332.7347755
1710164334.7863789
1710164722.4736722
1710164722.975906
1710164121.9177196
1710164127.5175376
1710164471.7644558
1710164476.04928
1710164046.4257498
1710164050.807599
1710165140.2112527
1710165140.6677887
1710164106.6533763
1710164110.3659496
1710164794.150733
1710164794.6715364
1710164369.1887436
1710164376.3704865
1710165211.8237455
1710165217.2590516
1710164801.181046
1710164801.5125027
1710164075.0807629
1710164083.6279182
1710164004.6402805
1710164010.3046954
1710165382.9024558
1710165388.9843965
1710164210.8297644
1710164212.926912
1710165187.6561728
1710165193.3444145
1710165198.7903945
1710165205.3329852
1710163970.5755873
1710163979.2762303
1710164029.4788628
1710164033.1165287
1710164906.5097783
1710164910.086775
1710164056.7949903
1710164065.0772972
1710164031.762988
1710164038.4598107
1710164800.8888614
1710164801.181241
1710165255.1392035
1710165261.7023277
1710164502.413319
1710164507.9133196
1710165341.2207236
1710165345.3805857
1710165116.8763993
1710165121.2885606
1710164083.6277351
1710164089.6476114
1710164304.7622952
1710164311.578116
1710164924.3619332
1710164931.8993375
1710165383.9411554
1710165387.7630093
1710164749.0012987
1710164758.1948078
1710164668.8250473
1710164673.0149963
1710165299.861689
1710165307.1394174
1710164984.988768
1710164991.013917
1710164855.7006783
1710164860.3115978
1710164763.4833431
1710164770.3027003
1710164124.2697146
1710164130.739806
1710164486.9091308
1710164492.7247136
1710164815.3470523
1710164826.6234517
1710164387.8892353
1710164392.5113144
1710163962.325273
1710163967.6316905
1710165241.9911575
1710165248.0176249
1710164890.387866
1710164895.3465264
1710164572.2694604
1710164581.9377387
1710164093.5482628
1710164101.4877577
1710164722.9757118
1710164728.6578944
1710165077.6019647
1710165082.161364
1710165205.5418835
1710165211.8239343
1710164959.6056445
1710164965.2462626
1710164753.6529639
1710164758.4855375
1710164682.9498365
1710164689.6523008
1710165130.4036927
1710165135.1245492
1710164305.8726697
1710164312.4054642
1710164597.2735057
1710164601.9740407
1710165271.855561
1710165276.6699064
1710164538.9498668
1710164545.4721992
1710164968.007119
1710164972.9267638
1710164693.324078
1710164698.9098725
1710165126.6866338
1710165132.9376528
1710164182.5829334
1710164187.5388489
1710164156.1240797
1710164160.3928127
1710165242.2316253
1710165251.5719628
1710165336.008549
1710165341.2209337
1710164157.134958
1710164162.3868287
1710165069.8160017
1710165075.7886877
1710164406.1135383
1710164411.7157261
1710165158.4904158
1710165164.2222369
1710164758.1946115
1710164763.4835768
1710165027.0578425
1710165038.449279
1710164273.1084378
1710164273.9044836
1710165150.1271017
1710165158.5156243
1710164280.287531
1710164290.3911338
1710164535.729556
1710164537.113124
1710163962.3248413
1710163969.0492404
1710165277.780371
1710165284.560756
1710163984.091133
1710163987.613441
1710164815.129221
1710164818.5758855
1710164403.305626
1710164406.5059822
1710164030.696186
1710164037.258418
1710164863.9606545
1710164870.053967
1710164898.049921
1710164903.0070522
1710165198.6255414
1710165205.0545502
1710164965.4460485
1710164968.8574378
1710164425.5749774
1710164428.9969914
1710163996.2501543
1710164008.0087824
1710164141.7714882
1710164147.0460763
1710164548.1631958
1710164550.243133
1710164920.5813682
1710164926.055447
1710164794.6713483
1710164800.1596391
1710164639.8807058
1710164647.0722303
1710164193.8312352
1710164201.359752
1710164239.9589672
1710164244.2567365
1710165132.9374511
1710165140.0400765
1710164684.2995882
1710164689.388584
1710163986.7585647
1710163992.2338507
1710164860.3113852
1710164865.95277
1710164164.5028825
1710164167.7890055
1710165379.813114
1710165383.9413202
1710164809.8555593
1710164814.6929407
1710164656.301643
1710164664.9736
1710164528.1923842
1710164533.1006482
1710165135.1089208
1710165140.2114391
1710164165.6578972
1710164169.6674166
1710164138.162409
1710164144.2876723
1710165371.302587
1710165376.0126748
1710165276.669704
1710165281.2300694
1710164892.9298663
1710164900.3704934
1710164350.1958878
1710164355.6555536
1710164505.488506
1710164513.783314
1710165202.7789178
1710165208.3973477
1710164870.0537636
1710164875.3876736
1710165363.1152837
1710165368.3554997
1710164385.559219
1710164389.8525748
1710165291.0974329
1710165294.6784606
1710164796.4468777
1710164801.327154
1710165024.0016851
1710165028.0493941
1710164840.9098167
1710164845.7746913
1710164531.1605248
1710164535.7297719
1710165099.5904336
1710165104.1013517
1710164461.4580433
1710164464.922506
1710164550.2429028
1710164553.7002234
1710164115.2285683
1710164121.917917
1710164700.0760653
1710164709.2415843
1710164242.0494373
1710164247.6553965
1710164252.9487765
1710164260.0000107
1710165000.9334106
1710165007.9803958
1710164513.7831166
1710164519.7284355
1710164729.9304726
1710164735.4049482
1710164551.5351415
1710164558.835747
1710164345.535445
1710164350.5115771
1710165265.3942015
1710165270.4172795
1710165259.8231478
1710165268.0854542
1710164130.5825064
1710164135.7881203
1710165122.6825569
1710165130.40389
1710164408.9356723
1710164416.5084713
1710165102.364429
1710165107.4716792
1710164592.200732
1710164598.9364989
1710164598.936308
1710164603.764503
1710164001.7305622
1710164013.8348696
1710164234.4862118
1710164238.731547
1710164483.774176
1710164490.506751
1710164035.4935787
1710164044.853018
1710164215.3939211
1710164224.1761448
1710164395.915165
1710164403.9512415
1710164596.492843
1710164607.0375142
1710164355.6553574
1710164368.6532319
1710164796.8450897
1710164810.2885888
1710165040.9049706
1710165048.6305068
1710164094.746034
1710164100.2094548
1710164337.622699
1710164342.1114256
1710164259.9998202
1710164282.225947
1710164473.2824945
1710164480.5405445
1710164657.6836977
1710164664.0511959
1710163968.1703203
1710163981.5297418
1710164991.0137236
1710165001.7839587
1710164650.6121807
1710164656.3018243
1710164546.290874
1710164551.5353243
1710164532.6032724
1710164538.221401
1710164850.5318582
1710164855.201456
1710165039.5611634
1710165044.6777709
1710164661.4437957
1710164666.8905678
1710164377.6145537
1710164384.6235857
1710164421.3860586
1710164426.6110494
1710164482.3420708
1710164488.761839
1710165088.270499
1710165093.7802327
1710164747.566621
1710164752.4718895
1710164063.43712
1710164069.681634
1710164884.4181926
1710164889.5345533
1710164245.2798955
1710164254.7148123
1710165054.9010684
1710165057.9419906
1710164079.188902
1710164081.9504228
1710164671.8355064
1710164680.5232747
1710164809.2640238
1710164809.8558285
1710164250.8395357
1710164253.403009
1710164962.7114618
1710164965.3971086
1710164997.76786
1710165000.9336283
1710164010.3044693
1710164013.047856
1710164093.6188216
1710164098.5004234
1710165236.2402475
1710165236.6766515
1710164594.3231094
1710164600.9251347
1710164985.122072
1710164991.5534482
1710164916.007588
1710164920.5815585
1710164463.9484537
1710164471.7646537
1710164233.4124382
1710164238.433735
1710165069.2520955
1710165074.273675
1710164562.9927826
1710164563.5220633
1710164172.6520295
1710164176.6450448
1710165336.0604155
1710165340.1037438
1710165034.3693588
1710165039.5613525
1710164338.2061481
1710164338.4764826
1710164018.705843
1710164024.9875882
1710165197.1820202
1710165202.7792094
1710164577.9505184
1710164583.2544672
1710164135.7878754
1710164141.771697
1710164611.87399
1710164618.2266035
1710164490.5065086
1710164490.7804766
1710164130.8352222
1710164138.162618
1710163986.550357
1710163994.477607
1710164169.6672087
1710164181.083167
1710165027.254009
1710165029.7929142
1710164583.254279
1710164592.2009454
1710164167.7887735
1710164173.6658957
1710165325.9046733
1710165331.9963033
1710165246.7844748
1710165259.823334
1710164294.9315174
1710164302.629081
1710164364.594386
1710164376.102334
1710164453.5335116
1710164455.091646
1710165155.568837
1710165158.4906113
1710165001.7837698
1710165006.059912
1710164717.3561554
1710164723.954069
1710165056.4352722
1710165060.3969195