1709960496.4286468
1709960510.591529
1709960518.4066904
1709960527.7217882
1709960541.1945364
1709960555.3599732
1709960565.6611142
1709960575.3339643
1709960584.1532395
1709960593.2959538
1709960602.3405755
1709960612.9816282
1709960622.2083223
1709960628.4344747
1709960637.271741
1709960646.567336
1709960655.2923338
1709960664.8792205
1709960673.5616238
1709960683.6414611
1709960693.2123878
1709960702.8786378
1709960752.86524
1709960761.770375
1709960774.5239086
1709960786.130782
1709960800.395662
1709960811.7301145
1709960835.2235727
1709960849.8304179
1709960863.3132317
1709960873.569404
1709960889.9235556
1709960899.0704246
1709960908.4774427
1709960917.9602957
1709960931.880382
1709960939.8052402
1709960951.5220041
1709960963.03305
1709960974.3831422
1709960986.3335423
1709960995.5509496
1709961003.8255959
1709961012.7972567
1709961025.5134113
1709961032.8031852
1709961041.5847363
1709961052.957031
1709961058.5674188
1709961070.1038716
1709961081.2098281
1709961094.616865
1709961108.9394548
1709961118.1733851
1709961129.0358202
1709961138.0019312
1709961147.1612413
1709961156.8507638
1709961165.702187
1709961177.34436
1709961189.1856105
1709961199.0355704
1709961208.0798337
1709961217.7544959
1709961227.013993
1709961240.9949074
1709961253.2291164
1709961262.2335336
1709961272.239956
1709961283.4708219
1709961294.2016923
1709961304.2668474
1709961314.0892365
1709961320.1893337
1709961330.2932448
1709961341.4872544
1709961353.447574
1709961363.1414177
1709961373.8544414
1709961385.9251661
1709961398.0562625
1709961407.7109282
1709961417.9385808
1709961428.4883008
1709961448.5656993
1709961460.1513302
1709961474.3280706
1709961483.3469815
1709961492.4110057
1709961503.1451418
1709961512.9452333
1709961529.1400838
1709961538.3460805
1709961547.9565847
1709961558.3063316
1709961569.7534118
1709961580.698345
1709961589.9170606
1709961605.844169
1709961621.3808672
1709961630.3036287
1709961639.225235
1709961648.1139703
1709961657.2120628
1709961669.9053564
1709961679.2985785
1709961688.8795552
1709961698.127068
1709961703.8363526
1709961709.4624655
1709961719.7477381
1709961731.1652443
1709961740.139151
1709961764.8768542
1709961776.8230243
1709961786.6445944
1709961800.9182506
1709961813.8817368
1709961824.8043547
1709961836.4385564
1709961846.57724
1709961856.20975
1709961871.0485728
1709961879.9702713
1709961893.1372523
1709961901.687035
1709961912.9110909
1709961924.0692382
1709961934.7536867
1709961943.388049
1709961954.4349282
1709961961.92449
1709961976.5842302
1709961986.603591
1709961996.589442
1709962005.6786728
1709962015.19376
1709962023.8173084
1709962033.231217
1709962041.819611
1709962052.7212307
1709962063.8224223
1709962076.978992
1709962091.5320003
1709962102.2566478
1709962124.8532398
1709962136.7823894
1709962147.3847406
1709962157.444413
1709962166.6572022
1709962175.1872385
1709962190.6852372
1709962196.608563
1709962205.5810602
1709962217.0144544
1709962229.421135
1709962239.8551738
1709962250.3732567
1709962260.6387932
1709962274.1772385
1709962282.7452488
1709962291.0783405
1709962301.5225215
1709962314.4040017
1709962335.776651
1709962343.6613872
1709962356.301704
1709962364.4615827
1709962377.2994711
1709962386.873242
1709962395.6216002
1709962403.772318
1709962411.947059
1709962420.1985369
1709962428.7411847
1709962436.9107544
1709962445.1532493
1709962453.3180604
1709962463.7421165
1709962476.4474847
1709962488.3371265
1709962499.9412432
1709962516.5319405
1709962526.8926682
1709962536.5333164
1709962547.3072443
1709962558.6954448
1709962570.161598
1709962582.7012353
1709962597.4079936
1709962602.683717
1709962619.1254547
1709962631.5264833
1709962641.5289452
1709962651.9058244
1709962661.4433756
1709962666.7187219
1709962678.1787467
1709962686.5218747
1709962696.3383684
1709962707.0664108
1709962717.1708777
1709962722.4448702
1709962741.6309924
1709962750.1767652
1709962758.716009
1709962767.7941074
1709962776.4878917
1709962785.3651986
1709962793.9092503
1709962805.55939
1709962816.945259
1709962822.433654
1709962833.101226
1709962845.5696404
1709962858.7391806
1709962869.493252
1709962878.0786707
1709962888.8503857
1709962897.541607
1709962911.629992
1709962923.2954648
1709962933.9991138
1709962944.8194726
1709962957.0739853
1709962967.8772547
1709962977.7878735
1709962987.0792131
1709962996.2716732
1709963005.0492427
1709963016.461546
1709963026.470736
1709963035.3518586
1709963044.7755864
1709963055.8384366
1709963065.106142
1709963076.842987
1709963087.3320954
1709963097.283314
1709963105.8092391
1709963115.7894104
1709963124.6450207
1709963134.2935832
1709963152.148023
1709963157.3985147
1709963165.886386
1709963175.0685465
1709963183.5701642
1709963192.3412526
1709963201.3864696
1709963212.1756978
1709963221.0812414
1709963229.6368535
1709963239.1641424
1709963247.714841
1709963256.268991
1709963265.2339153
1709963274.3155525
1709963283.5105844
1709963294.2455697
1709963302.811913
1709963311.7764065
1709963320.5429378
1709963329.1189592
1709963339.6580994
1709963348.546725
1709963357.6581194
1709963366.262935
1709963378.203764
1709963386.890578
1709963395.8627388
1709963406.1118062
1709963414.9349666
1709963423.484987
1709963433.2989278
1709963441.909231
1709963450.603931
1709963459.1218472
1709963467.7973998
1709963481.157485
1709963490.954517
1709963500.098467
1709963512.2918508
1709963522.0837376
1709963527.9196525
1709963536.5791013
1709963546.550717
1709963555.7799475
1709963565.646499
1709963570.90024
1709963579.5929534
1709963584.8473835
1709963594.1080902
1709963602.2994719
1709963608.96525
1709963621.593834
1709963632.0556674
1709963642.5287669
1709963649.5899544
1709963661.9072812
1709963675.3550084
1709963687.3772316
1709963696.8722599
1709963705.2528923
1709963713.8099766
1709963719.5291545
1709963724.777266
1709963738.0147111
1709963749.7543898
1709963758.9957502
1709963767.2177622
1709963781.520467
1709963797.3821197
1709963808.6350462
1709963817.381017
1709963828.7812438
1709963837.5198874
1709963846.7283006
1709963856.8865678
1709963868.5231566
1709963879.124354
1709963890.952346
1709963901.6619477
1709963915.5551345
1709963929.935134
1709963940.0852478
1709963951.0224166
1709963961.0126514
1709963970.3842373
1709963983.4993243
1709963992.0216892
1709964001.1282804
1709964012.6208463
1709964022.6303163
1709964033.9895434
1709964043.0516632
1709964052.905237
1709964064.013238
1709964073.696882
1709964082.6572564
1709964091.6772723
1709964101.673095
1709964112.9963608
1709964123.2458858
1709964133.626285
1709964142.207819
1709964157.450746
1709964166.2613387
1709964177.129878
1709964187.9166083
1709964198.3732564
1709964209.7568262
1709964218.6097896
1709964240.0518422
1709964248.6178586
1709964260.2412333
1709964272.587634
1709964283.6561232
1709964295.4172027
1709964307.9249208
1709964317.794437
1709964325.8544235
1709964334.7250333
1709964345.0648308
1709964355.6945698
1709964366.4977167
1709964378.4591088
1709964386.876582
1709964395.2862356
1709964409.3265548
1709964418.9732497
1709964426.3052375
1709964437.0949538
1709964447.6861863
1709964459.9477668
1709964475.298128
1709964485.529242
1709964495.2110245
1709964505.520553
1709964516.151607
1709964530.769328
1709964539.7704349
1709964549.0107718
1709964558.063473
1709964567.1333318
1709964576.1791258
1709964585.6360548
1709964594.927454
1709964603.7012534
1709964612.2283437
1709964621.8531842
1709964630.6345804
1709964641.394203
1709964651.4287508
1709964662.9692283
1709964674.3360298
1709964683.379869
1709964691.9100091
1709964702.0617468
1709964714.3366451
1709964725.0772376
1709964737.1133163
1709964746.3636258
1709964755.1013396
1709964763.3161726
1709964771.4877512
1709964782.0805032
1709964797.336041
1709964809.5978944
1709964819.1883802
1709964827.8108437
1709964837.5532475
1709964847.4852483
1709964859.6627636
1709964881.1800437
1709964890.859162
1709964901.71207
1709964913.9764132
1709964932.1988993
1709964947.8505504
1709964958.1709237
1709964968.7161212
1709964978.5905488
1709964992.338763
1709965001.2546406
1709965014.4776764
1709965027.860679
1709965046.8054235
1709965059.5550327
1709965074.138577
1709965091.794816
1709965104.8950334
1709965115.663057
1709965129.3778543
1709965138.0143542
1709965150.615019
1709965160.8896506
1709965171.2018416
1709965185.1374283
1709965195.8012652
1709965206.1297731
1709965218.6950433
1709965227.6417797
1709965236.3234413
1709965245.18093
1709965255.126675
1709965264.0258167
1709965274.327147
1709965286.0307784
1709965296.8332438
1709965308.345005
1709965320.006272
1709965328.8805332
1709965340.8346102
1709965349.05658
1709965357.3121183
1709965370.5497854
1709965376.1473675
1709965385.4922738
1709965397.0350308
1709965410.6972427
1709965417.5830133
1709965427.8492446
1709965433.2868226
1709965444.6472147
1709965456.4454024
1709965467.8572488
1709965478.6441672
1709965488.4912574
1709965498.0219765
1709965503.6120129
1709965511.7958717
1709965520.7712831
1709965528.9549
1709965534.2275565
1709965543.677902
1709965554.1558247
1709965563.122998
1709965573.239365
1709965583.9557614
1709965589.4095383
1709965600.3581657
1709965611.3201942
1709965624.4815943
1709965635.7817113
1709965645.6734939
1709965656.385802
1709965668.2710652
1709965688.4044716
1709965699.5532532
1709965720.1310213
1709965734.5755866
1709965740.7369359
1709965752.9572475
1709965762.5408947
1709965771.7287438