1709960496.4286764
1709960506.210911
1709960516.4177434
1709960527.713705
1709960538.5090246
1709960549.0717983
1709960560.4032433
1709960570.2974942
1709960580.8777375
1709960591.9506588
1709960601.700983
1709960612.0102665
1709960621.8384032
1709960631.6588326
1709960648.8445008
1709960657.9993277
1709960666.9983826
1709960676.8384883
1709960686.975995
1709960697.0379508
1709960706.0650651
1709960715.4961567
1709960729.4790158
1709960739.148326
1709960759.3319046
1709960771.8593485
1709960784.264327
1709960795.6602092
1709960810.6474354
1709960822.791717
1709960858.9371908
1709960868.503102
1709960887.8980143
1709960897.4229488
1709960907.0368
1709960916.7854702
1709960930.7697456
1709960938.4052398
1709960948.3645916
1709960959.3088863
1709960972.0772412
1709960983.6384976
1709960992.7402966
1709961000.0395052
1709961010.1586545
1709961020.2572494
1709961029.2286272
1709961037.509249
1709961048.8829703
1709961057.5129814
1709961069.2816508
1709961081.8825865
1709961089.532542
1709961098.864874
1709961107.4778023
1709961117.5858097
1709961127.533241
1709961136.6774523
1709961146.1226654
1709961156.1023607
1709961168.2572439
1709961180.4446034
1709961195.3999243
1709961205.8676813
1709961215.4687858
1709961224.9394438
1709961237.029253
1709961249.7505252
1709961259.2137167
1709961268.2732341
1709961281.6270664
1709961294.953228
1709961304.2921743
1709961314.0751076
1709961324.8190298
1709961335.0729446
1709961346.0096538
1709961355.8424246
1709961367.4944818
1709961378.1953835
1709961389.0136266
1709961398.9856644
1709961409.1606836
1709961418.3984053
1709961428.4817452
1709961451.5933504
1709961461.5911827
1709961471.2505388
1709961480.2909224
1709961492.057693
1709961503.2256925
1709961513.6624215
1709961529.574109
1709961537.7442014
1709961545.7209842
1709961553.7236307
1709961566.1337929
1709961577.2697718
1709961586.9555366
1709961602.7454686
1709961618.2892454
1709961627.157093
1709961635.9815352
1709961644.8761036
1709961653.5252419
1709961663.6871648
1709961673.285644
1709961684.8326323
1709961693.901438
1709961702.91752
1709961723.7972434
1709961732.8039048
1709961742.0669549
1709961750.9765935
1709961766.3846338
1709961777.6772285
1709961787.6677387
1709961801.5014102
1709961813.9324045
1709961825.5497012
1709961836.4293556
1709961846.600918
1709961856.7277102
1709961871.250912
1709961880.3906908
1709961893.4136202
1709961901.931263
1709961911.9373739
1709961920.816176
1709961931.8235784
1709961940.9497578
1709961953.216794
1709961961.9788847
1709961977.6834955
1709961987.6151116
1709961997.8196173
1709962006.3188887
1709962014.983917
1709962023.8173087
1709962033.2356982
1709962041.8340135
1709962052.747346
1709962063.8065495
1709962077.0958824
1709962090.5859456
1709962102.3813598
1709962120.935043
1709962131.3060224
1709962141.6177397
1709962150.5233545
1709962161.2643101
1709962170.0997264
1709962182.8452516
1709962189.4698458
1709962198.6567903
1709962209.5756838
1709962220.6213381
1709962232.6676311
1709962243.2951238
1709962255.0427096
1709962269.4758961
1709962277.946504
1709962286.4844184
1709962296.8658245
1709962310.5971332
1709962329.1958613
1709962338.3825226
1709962347.8385682
1709962356.2746847
1709962371.5476584
1709962383.2612386
1709962393.3335147
1709962401.4901447
1709962409.6965234
1709962417.9489057
1709962427.1590242
1709962435.3372478
1709962443.5943646
1709962451.7612157
1709962461.2805853
1709962473.2196379
1709962487.6692474
1709962502.0830646
1709962517.8652227
1709962527.8370304
1709962538.8908002
1709962547.6747124
1709962557.6588144
1709962567.194799
1709962577.3772378
1709962592.326278
1709962598.0222726
1709962616.4796681
1709962627.7573466
1709962640.6678896
1709962649.4093344
1709962660.0212414
1709962665.2932434
1709962677.2637966
1709962686.6252375
1709962695.5407338
1709962705.5914989
1709962715.1382449
1709962720.570952
1709962739.6792867
1709962748.2692347
1709962756.8552806
1709962766.1316915
1709962774.6892924
1709962784.6933033
1709962793.6099162
1709962805.080639
1709962817.318657
1709962822.6019018
1709962832.6123962
1709962842.3826635
1709962853.0572615
1709962861.7132351
1709962871.3972394
1709962882.3265743
1709962893.496295
1709962906.857377
1709962917.679768
1709962929.5215788
1709962941.344194
1709962952.8437788
1709962965.623845
1709962977.9132357
1709962986.997239
1709962996.3029666
1709963006.2470622
1709963015.717942
1709963026.121736
1709963035.3204467
1709963044.773232
1709963053.8400385
1709963065.3800542
1709963075.6249132
1709963086.5473762
1709963095.498152
1709963104.013238
1709963115.5545056
1709963124.3642833
1709963135.9120507
1709963148.6283476
1709963154.2211351
1709963162.7161026
1709963172.345642
1709963180.873845
1709963190.0988529
1709963199.4047341
1709963209.206757
1709963218.6708663
1709963227.2465277
1709963237.920661
1709963246.7034976
1709963255.2846384
1709963264.4241831
1709963274.7833297
1709963283.754113
1709963293.4634745
1709963302.0128925
1709963310.9318385
1709963320.4954014
1709963329.048794
1709963339.6100516
1709963348.5447288
1709963357.6171644
1709963366.1772344
1709963376.254557
1709963386.739275
1709963396.50911
1709963405.3120465
1709963417.3772323
1709963425.9331014
1709963436.8823378
1709963445.439739
1709963454.121236
1709963462.8994575
1709963471.5050268
1709963481.0404913
1709963490.9559693
1709963500.6152492
1709963514.752977
1709963523.308917
1709963528.584004
1709963533.9927468
1709963544.3369844
1709963554.1012456
1709963563.3638191
1709963569.1140628
1709963578.0648346
1709963583.308858
1709963594.6223383
1709963606.4747925
1709963611.7579753
1709963620.729227
1709963630.1363003
1709963642.5825477
1709963651.1941228
1709963661.8079457
1709963674.078261
1709963687.1946242
1709963697.884271
1709963710.4726348
1709963720.6612375
1709963725.9332306
1709963731.3459625
1709963742.1512914
1709963751.0400028
1709963762.6725583
1709963771.092827
1709963782.9495769
1709963791.698308
1709963804.6009297
1709963813.3835285
1709963826.8506818
1709963836.0450897
1709963846.7285504
1709963858.5590613
1709963873.0217595
1709963881.988072
1709963893.193247
1709963904.531628
1709963922.060946
1709963932.288366
1709963942.0339596
1709963952.3301744
1709963961.8556888
1709963970.9525294
1709963981.437252
1709963991.6729088
1709964001.1692412
1709964012.6381686
1709964022.3358743
1709964031.1078622
1709964041.4023666
1709964052.1692386
1709964062.786499
1709964072.5844254
1709964082.1275737
1709964093.8912137
1709964104.8417532
1709964115.394689
1709964124.632278
1709964133.4401507
1709964142.071005
1709964157.2271469
1709964166.230725
1709964177.1292496
1709964187.9503336
1709964198.368614
1709964209.3107362
1709964220.311868
1709964241.56986
1709964246.9764981
1709964261.147543
1709964278.0652657
1709964283.6863263
1709964296.6036885
1709964309.048845
1709964318.538592
1709964341.7199793
1709964353.2139213
1709964363.3087401
1709964371.906975
1709964382.7056136
1709964393.1640637
1709964402.3914373
1709964410.7993238
1709964425.640532
1709964446.8708045
1709964455.7335646
1709964466.1922984
1709964476.6336825
1709964486.9637094
1709964497.8708296
1709964506.799527
1709964515.6423602
1709964525.5291543
1709964535.7003143
1709964545.7034016
1709964555.1772387
1709964564.5259626
1709964573.3267741
1709964582.3033812
1709964591.3149137
1709964600.6148083
1709964609.6744833
1709964618.9156048
1709964627.470761
1709964636.0031095
1709964645.0856469
1709964654.3133926
1709964664.397451
1709964675.1900694
1709964685.739208
1709964694.5291045
1709964703.3008873
1709964711.8248527
1709964721.3710208
1709964731.8951142
1709964739.6476333
1709964748.3782701
1709964757.4020066
1709964765.5692384
1709964773.7358894
1709964785.5480618
1709964798.5772324
1709964808.247824
1709964817.0926971
1709964826.92575
1709964837.8306718
1709964848.4152796
1709964860.6851616
1709964870.043936
1709964879.8354373
1709964889.6491106
1709964909.2647703
1709964921.6511457
1709964933.4960804
1709964944.0655446
1709964954.3436418
1709964963.5529137
1709964975.3242652
1709964984.4319966
1709964998.5509188
1709965010.8655858
1709965023.9498603
1709965037.5456486
1709965050.663142
1709965068.9530182
1709965083.9297593
1709965099.9078639
1709965111.2501662
1709965119.812096
1709965130.2226074
1709965139.8887312
1709965154.2043548
1709965164.0605292
1709965175.2695847
1709965186.6092484
1709965197.246418
1709965206.5149002
1709965215.6125076
1709965224.6828108
1709965235.2594316
1709965245.753271
1709965255.9104319
1709965267.3861475
1709965277.966625
1709965288.9917514
1709965300.4380095
1709965308.8786454
1709965319.4227254
1709965328.5867784
1709965334.8191757
1709965347.8988397
1709965353.7981288
1709965367.106707
1709965375.5729191
1709965385.6812391
1709965392.9772353
1709965406.4460723
1709965411.7333097
1709965423.3448308
1709965434.6117916
1709965444.9591637
1709965454.4398365
1709965465.3454585
1709965475.3309429
1709965480.7732346
1709965489.5420048
1709965498.4332263
1709965506.8774164
1709965512.154125
1709965524.6068113
1709965534.2915344
1709965545.0332496
1709965555.8573458
1709965566.3921006
1709965571.8324146
1709965583.2598162
1709965594.901247
1709965645.9252636
1709965654.986785
1709965665.8325014
1709965680.805713
1709965693.7688553
1709965713.2612352
1709965724.4826605
1709965750.666194
1709965763.3892486
1709965770.6070087
1709965779.8285832
1709965790.671795
1709965799.5847445